//E[eV]	Back scatter elastic probability
0.005	0.446961
0.00616471	0.440375
0.00732941	0.434245
0.00849412	0.428465
0.00965882	0.422961
0.0108235	0.417683
0.0119882	0.412594
0.0131529	0.407666
0.0143176	0.402876
0.0154824	0.398207
0.0166471	0.393645
0.0178118	0.389178
0.0189765	0.384796
0.0201412	0.380491
0.0213059	0.376256
0.0224706	0.372085
0.0236353	0.367972
0.0248	0.363913
0.0259647	0.359904
0.0271294	0.355942
0.0282941	0.352022
0.0294588	0.348143
0.0306235	0.344302
0.0317882	0.340496
0.0329529	0.336724
0.0341176	0.332984
0.0352824	0.329274
0.0364471	0.325592
0.0376118	0.321937
0.0387765	0.318309
0.0399412	0.314705
0.0411059	0.311125
0.0422706	0.307568
0.0434353	0.304032
0.0446	0.300518
0.0457647	0.297025
0.0469294	0.293551
0.0480941	0.290096
0.0492588	0.28666
0.0504235	0.283242
0.0515882	0.279842
0.0527529	0.276459
0.0539176	0.273093
0.0550824	0.269744
0.0562471	0.266411
0.0574118	0.263094
0.0585765	0.259792
0.0597412	0.256506
0.0609059	0.253236
0.0620706	0.24998
0.0632353	0.24674
0.0644	0.243514
0.0655647	0.240303
0.0667294	0.237107
0.0678941	0.233926
0.0690588	0.230759
0.0702235	0.227606
0.0713882	0.224469
0.0725529	0.221345
0.0737176	0.218237
0.0748824	0.215142
0.0760471	0.212063
0.0772118	0.208998
0.0783765	0.205948
0.0795412	0.202912
0.0807059	0.199892
0.0818706	0.196887
0.0830353	0.193896
0.0842	0.190921
0.0853647	0.187962
0.0865294	0.185018
0.0876941	0.18209
0.0888588	0.179177
0.0900235	0.176281
0.0911882	0.1734
0.0923529	0.170537
0.0935176	0.167689
0.0946824	0.164859
0.0958471	0.162046
0.0970118	0.159249
0.0981765	0.156471
0.0993412	0.15371
0.100506	0.150967
0.101671	0.148242
0.102835	0.145535
0.104	0.142848
0.105165	0.140179
0.106329	0.13753
0.107494	0.1349
0.108659	0.13229
0.109824	0.1297
0.110988	0.12713
0.112153	0.124582
0.113318	0.122054
0.114482	0.119547
0.115647	0.117063
0.116812	0.1146
0.117976	0.112159
0.119141	0.109741
0.120306	0.107346
0.121471	0.104975
0.122635	0.102627
0.1238	0.100303
0.124965	0.0980032
0.126129	0.0957282
0.127294	0.0934783
0.128459	0.0912537
0.129624	0.0890549
0.130788	0.0868823
0.131953	0.0847361
0.133118	0.0826167
0.134282	0.0805246
0.135447	0.07846
0.136612	0.0764234
0.137776	0.0744151
0.138941	0.0724355
0.140106	0.070485
0.141271	0.068564
0.142435	0.0666727
0.1436	0.0648117
0.144765	0.0629812
0.145929	0.0611817
0.147094	0.0594136
0.148259	0.0576771
0.149424	0.0559727
0.150588	0.0543008
0.151753	0.0526617
0.152918	0.0510558
0.154082	0.0494834
0.155247	0.047945
0.156412	0.0464409
0.157576	0.0449714
0.158741	0.043537
0.159906	0.042138
0.161071	0.0407746
0.162235	0.0394474
0.1634	0.0381566
0.164565	0.0369026
0.165729	0.0356857
0.166894	0.0345062
0.168059	0.0333646
0.169224	0.032261
0.170388	0.0311959
0.171553	0.0301695
0.172718	0.0291822
0.173882	0.0282343
0.175047	0.027326
0.176212	0.0264577
0.177376	0.0256296
0.178541	0.0248421
0.179706	0.0240954
0.180871	0.0233897
0.182035	0.0227254
0.1832	0.0221026
0.184365	0.0215217
0.185529	0.0209828
0.186694	0.0204862
0.187859	0.0200321
0.189024	0.0196208
0.190188	0.0192523
0.191353	0.018927
0.192518	0.018645
0.193682	0.0184064
0.194847	0.0182115
0.196012	0.0180603
0.197176	0.0179531
0.198341	0.0178899
0.199506	0.017871
0.200671	0.0178963
0.201835	0.017966
0.203	0.0180803
0.204165	0.0182391
0.205329	0.0184425
0.206494	0.0186907
0.207659	0.0189836
0.208824	0.0193213
0.209988	0.0197038
0.211153	0.0201311
0.212318	0.0206032
0.213482	0.0211201
0.214647	0.0216819
0.215812	0.0222883
0.216976	0.0229394
0.218141	0.0236352
0.219306	0.0243755
0.220471	0.0251603
0.221635	0.0259895
0.2228	0.0268629
0.223965	0.0277805
0.225129	0.028742
0.226294	0.0297474
0.227459	0.0307965
0.228624	0.0318892
0.229788	0.0330251
0.230953	0.0342042
0.232118	0.0354262
0.233282	0.0366908
0.234447	0.037998
0.235612	0.0393474
0.236776	0.0407387
0.237941	0.0421717
0.239106	0.0436461
0.240271	0.0591886
0.241435	0.0615759
0.2426	0.0640244
0.243765	0.0665336
0.244929	0.0691029
0.246094	0.0717316
0.247259	0.0744191
0.248424	0.0771647
0.249588	0.0799675
0.250753	0.0828277
0.251918	0.0857434
0.253082	0.088714
0.254247	0.0917388
0.255412	0.0948169
0.256576	0.0979472
0.257741	0.101129
0.258906	0.104361
0.260071	0.107643
0.261235	0.110973
0.2624	0.11435
0.263565	0.117774
0.264729	0.121243
0.265894	0.124756
0.267059	0.128313
0.268224	0.131911
0.269388	0.13555
0.270553	0.139229
0.271718	0.142946
0.272882	0.1467
0.274047	0.15049
0.275212	0.154315
0.276376	0.158174
0.277541	0.162064
0.278706	0.165986
0.279871	0.169938
0.281035	0.173918
0.2822	0.177926
0.283365	0.181959
0.284529	0.186017
0.285694	0.190099
0.286859	0.194202
0.288024	0.198327
0.289188	0.202471
0.290353	0.206636
0.291518	0.21082
0.292682	0.215019
0.293847	0.219233
0.295012	0.223459
0.296176	0.227697
0.297341	0.231945
0.298506	0.236201
0.299671	0.240465
0.300835	0.244735
0.302	0.24901
0.303165	0.253289
0.304329	0.25757
0.305494	0.261852
0.306659	0.266134
0.307824	0.270414
0.308988	0.274692
0.310153	0.278965
0.311318	0.283229
0.312482	0.287488
0.313647	0.291741
0.314812	0.295988
0.315976	0.300227
0.317141	0.304457
0.318306	0.308679
0.319471	0.31289
0.320635	0.317105
0.3218	0.321334
0.322965	0.325557
0.324129	0.329772
0.325294	0.333979
0.326459	0.338177
0.327624	0.342364
0.328788	0.34654
0.329953	0.350703
0.331118	0.354853
0.332282	0.358988
0.333447	0.363108
0.334612	0.367211
0.335776	0.371297
0.336941	0.375364
0.338106	0.379413
0.339271	0.383441
0.340435	0.387449
0.3416	0.391435
0.342765	0.395398
0.343929	0.399338
0.345094	0.403255
0.346259	0.407146
0.347424	0.411013
0.348588	0.414853
0.349753	0.418667
0.350918	0.422453
0.352082	0.426211
0.353247	0.429941
0.354412	0.433642
0.355576	0.437313
0.356741	0.440955
0.357906	0.444565
0.359071	0.448145
0.360235	0.451693
0.3614	0.455209
0.362565	0.458693
0.363729	0.462144
0.364894	0.465563
0.366059	0.468948
0.367224	0.472299
0.368388	0.475617
0.369553	0.4789
0.370718	0.482149
0.371882	0.485364
0.373047	0.488543
0.374212	0.491688
0.375376	0.494797
0.376541	0.497871
0.377706	0.50091
0.378871	0.503913
0.380035	0.50688
0.3812	0.509812
0.382365	0.512708
0.383529	0.515568
0.384694	0.518393
0.385859	0.521181
0.387024	0.523934
0.388188	0.526651
0.389353	0.529332
0.390518	0.531977
0.391682	0.534587
0.392847	0.537161
0.394012	0.5397
0.395176	0.542203
0.396341	0.544671
0.397506	0.547104
0.398671	0.549502
0.399835	0.551865
0.401	0.554193
0.402165	0.556486
0.403329	0.558745
0.404494	0.56097
0.405659	0.563161
0.406824	0.565318
0.407988	0.567441
0.409153	0.569531
0.410318	0.571559
0.411482	0.573467
0.412647	0.575344
0.413812	0.577192
0.414976	0.57901
0.416141	0.580799
0.417306	0.58256
0.418471	0.584291
0.419635	0.585995
0.4208	0.587671
0.421965	0.589319
0.423129	0.59094
0.424294	0.592533
0.425459	0.5941
0.426624	0.595641
0.427788	0.597155
0.428953	0.598644
0.430118	0.600107
0.431282	0.601545
0.432447	0.602958
0.433612	0.604346
0.434776	0.605709
0.435941	0.607049
0.437106	0.608364
0.438271	0.609656
0.439435	0.610925
0.4406	0.612171
0.441765	0.613394
0.442929	0.614594
0.444094	0.615772
0.445259	0.616928
0.446424	0.618063
0.447588	0.619175
0.448753	0.620267
0.449918	0.621338
0.451082	0.622388
0.452247	0.623417
0.453412	0.624427
0.454576	0.625416
0.455741	0.626386
0.456906	0.627336
0.458071	0.628267
0.459235	0.629178
0.4604	0.630071
0.461565	0.630946
0.462729	0.631802
0.463894	0.63264
0.465059	0.63346
0.466224	0.634263
0.467388	0.635048
0.468553	0.635815
0.469718	0.636566
0.470882	0.6373
0.472047	0.638018
0.473212	0.638718
0.474376	0.639403
0.475541	0.640072
0.476706	0.640725
0.477871	0.641362
0.479035	0.641984
0.4802	0.642591
0.481365	0.643183
0.482529	0.64376
0.483694	0.644322
0.484859	0.64487
0.486024	0.645403
0.487188	0.645922
0.488353	0.646428
0.489518	0.64692
0.490682	0.647398
0.491847	0.647862
0.493012	0.648314
0.494176	0.648752
0.495341	0.649178
0.496506	0.649591
0.497671	0.649991
0.498835	0.650379
0.5	0.650754
0.516667	0.654973
0.533333	0.657191
0.55	0.657582
0.566667	0.656458
0.583333	0.654087
0.6	0.650697
0.616667	0.646469
0.633333	0.641567
0.65	0.636148
0.666667	0.630327
0.683333	0.624197
0.7	0.617834
0.716667	0.611305
0.733333	0.604661
0.75	0.597942
0.766667	0.591182
0.783333	0.584412
0.8	0.577653
0.816667	0.570923
0.833333	0.564238
0.85	0.557614
0.866667	0.551065
0.883333	0.544598
0.9	0.538222
0.916667	0.53194
0.933333	0.525759
0.95	0.519683
0.966667	0.513713
0.983333	0.507852
1	0.502102
1.01667	0.496455
1.03333	0.490917
1.05	0.485489
1.06667	0.480171
1.08333	0.474961
1.1	0.469861
1.11667	0.464868
1.13333	0.459981
1.15	0.4552
1.16667	0.450523
1.18333	0.445948
1.2	0.441475
1.21667	0.4371
1.23333	0.432824
1.25	0.428644
1.26667	0.424558
1.28333	0.420565
1.3	0.416663
1.31667	0.41285
1.33333	0.409124
1.35	0.405484
1.36667	0.401929
1.38333	0.398456
1.4	0.395063
1.41667	0.39175
1.43333	0.388514
1.45	0.385353
1.46667	0.382267
1.48333	0.379254
1.5	0.376311
1.51667	0.373424
1.53333	0.370605
1.55	0.367854
1.56667	0.365169
1.58333	0.362548
1.6	0.35999
1.61667	0.357495
1.63333	0.35506
1.65	0.352685
1.66667	0.350368
1.68333	0.348109
1.7	0.345905
1.71667	0.343756
1.73333	0.34166
1.75	0.339617
1.76667	0.337626
1.78333	0.335685
1.8	0.333793
1.81667	0.33195
1.83333	0.330154
1.85	0.328405
1.86667	0.326701
1.88333	0.325042
1.9	0.323426
1.91667	0.321853
1.93333	0.320322
1.95	0.318832
1.96667	0.317382
1.98333	0.315972
2	0.3146
2.01667	0.313264
2.03333	0.311964
2.05	0.3107
2.06667	0.309472
2.08333	0.308279
2.1	0.307119
2.11667	0.305993
2.13333	0.3049
2.15	0.303838
2.16667	0.302808
2.18333	0.301809
2.2	0.30084
2.21667	0.299901
2.23333	0.298991
2.25	0.298109
2.26667	0.297255
2.28333	0.296429
2.3	0.295629
2.31667	0.294856
2.33333	0.294108
2.35	0.293386
2.36667	0.292689
2.38333	0.292016
2.4	0.291367
2.41667	0.290742
2.43333	0.290139
2.45	0.289559
2.46667	0.289001
2.48333	0.288465
2.5	0.28795
2.51667	0.287456
2.53333	0.286983
2.55	0.28653
2.56667	0.286096
2.58333	0.285681
2.6	0.285286
2.61667	0.284909
2.63333	0.284551
2.65	0.28421
2.66667	0.283887
2.68333	0.283581
2.7	0.283292
2.71667	0.28302
2.73333	0.282764
2.75	0.282524
2.76667	0.282299
2.78333	0.28209
2.8	0.281896
2.81667	0.281716
2.83333	0.281551
2.85	0.2814
2.86667	0.281264
2.88333	0.28114
2.9	0.281031
2.91667	0.280934
2.93333	0.28085
2.95	0.280779
2.96667	0.28072
2.98333	0.280673
3	0.280638
3.08065	0.280597
3.16129	0.280808
3.24194	0.281249
3.32258	0.281898
3.40323	0.282737
3.48387	0.283747
3.56452	0.284911
3.64516	0.286212
3.72581	0.287636
3.80645	0.289169
3.8871	0.290798
3.96774	0.292511
4.04839	0.294317
4.12903	0.296196
4.20968	0.298121
4.29032	0.300084
4.37097	0.302075
4.45161	0.304086
4.53226	0.306109
4.6129	0.308136
4.69355	0.310161
4.77419	0.312177
4.85484	0.31418
4.93548	0.316163
5.01613	0.318144
5.09677	0.320189
5.17742	0.3222
5.25806	0.32417
5.33871	0.326095
5.41935	0.327969
5.5	0.329789
5.58065	0.331552
5.66129	0.333253
5.74194	0.33489
5.82258	0.336462
5.90323	0.337966
5.98387	0.339401
6.06452	0.340765
6.14516	0.342058
6.22581	0.343279
6.30645	0.344427
6.3871	0.345503
6.46774	0.346506
6.54839	0.347436
6.62903	0.348294
6.70968	0.34908
6.79032	0.349795
6.87097	0.35044
6.95161	0.351015
7.03226	0.351521
7.1129	0.35196
7.19355	0.352332
7.27419	0.352638
7.35484	0.352881
7.43548	0.35306
7.51613	0.353175
7.59677	0.353209
7.67742	0.353163
7.75806	0.353043
7.83871	0.352852
7.91935	0.352592
8	0.352268
8.08065	0.351883
8.16129	0.351442
8.24194	0.350947
8.32258	0.350402
8.40323	0.349813
8.48387	0.349181
8.56452	0.348512
8.64516	0.347807
8.72581	0.347073
8.80645	0.346311
8.8871	0.345525
8.96774	0.34472
9.04839	0.343897
9.12903	0.343061
9.20968	0.342215
9.29032	0.341361
9.37097	0.340503
9.45161	0.339644
9.53226	0.338786
9.6129	0.337932
9.69355	0.337086
9.77419	0.336248
9.85484	0.335423
9.93548	0.334611
10.0161	0.333889
10.0968	0.333449
10.1774	0.332992
10.2581	0.332512
10.3387	0.332004
10.4194	0.331465
10.5	0.330888
10.5806	0.330269
10.6613	0.329602
10.7419	0.328883
10.8226	0.328106
10.9032	0.327266
10.9839	0.326357
11.0645	0.325374
11.1452	0.324311
11.2258	0.323163
11.3065	0.321924
11.3871	0.320588
11.4677	0.31915
11.5484	0.317605
11.629	0.315945
11.7097	0.314168
11.7903	0.312266
11.871	0.310236
11.9516	0.308072
12.0323	0.30577
12.1129	0.303327
12.1935	0.30074
12.2742	0.298006
12.3548	0.295122
12.4355	0.29209
12.5161	0.288908
12.5968	0.285578
12.6774	0.282103
12.7581	0.278487
12.8387	0.274738
12.9194	0.270862
13	0.266872
