//E[eV]	TM backward elastic factor
0.005	1.48654
0.00616471	1.48481
0.00732941	1.48319
0.00849412	1.48165
0.00965882	1.48017
0.0108235	1.47875
0.0119882	1.47736
0.0131529	1.476
0.0143176	1.47467
0.0154824	1.47337
0.0166471	1.47208
0.0178118	1.47081
0.0189765	1.46956
0.0201412	1.46831
0.0213059	1.46708
0.0224706	1.46585
0.0236353	1.46463
0.0248	1.46341
0.0259647	1.4622
0.0271294	1.46099
0.0282941	1.45979
0.0294588	1.45858
0.0306235	1.45738
0.0317882	1.45618
0.0329529	1.45497
0.0341176	1.45376
0.0352824	1.45255
0.0364471	1.45134
0.0376118	1.45012
0.0387765	1.4489
0.0399412	1.44768
0.0411059	1.44645
0.0422706	1.44521
0.0434353	1.44397
0.0446	1.44272
0.0457647	1.44147
0.0469294	1.44021
0.0480941	1.43894
0.0492588	1.43766
0.0504235	1.43637
0.0515882	1.43508
0.0527529	1.43377
0.0539176	1.43246
0.0550824	1.43114
0.0562471	1.4298
0.0574118	1.42845
0.0585765	1.4271
0.0597412	1.42573
0.0609059	1.42434
0.0620706	1.42295
0.0632353	1.42154
0.0644	1.42012
0.0655647	1.41869
0.0667294	1.41724
0.0678941	1.41577
0.0690588	1.41429
0.0702235	1.4128
0.0713882	1.41129
0.0725529	1.40976
0.0737176	1.40822
0.0748824	1.40665
0.0760471	1.40507
0.0772118	1.40347
0.0783765	1.40186
0.0795412	1.40022
0.0807059	1.39856
0.0818706	1.39688
0.0830353	1.39518
0.0842	1.39346
0.0853647	1.39172
0.0865294	1.38995
0.0876941	1.38816
0.0888588	1.38635
0.0900235	1.38451
0.0911882	1.38265
0.0923529	1.38076
0.0935176	1.37885
0.0946824	1.3769
0.0958471	1.37493
0.0970118	1.37293
0.0981765	1.37091
0.0993412	1.36885
0.100506	1.36676
0.101671	1.36464
0.102835	1.36249
0.104	1.3603
0.105165	1.35808
0.106329	1.35583
0.107494	1.35354
0.108659	1.35122
0.109824	1.34886
0.110988	1.34646
0.112153	1.34402
0.113318	1.34155
0.114482	1.33903
0.115647	1.33648
0.116812	1.33388
0.117976	1.33124
0.119141	1.32856
0.120306	1.32583
0.121471	1.32306
0.122635	1.32025
0.1238	1.31739
0.124965	1.31448
0.126129	1.31153
0.127294	1.30853
0.128459	1.30549
0.129624	1.30239
0.130788	1.29925
0.131953	1.29606
0.133118	1.29282
0.134282	1.28954
0.135447	1.28621
0.136612	1.28283
0.137776	1.27941
0.138941	1.27595
0.140106	1.27244
0.141271	1.26889
0.142435	1.2653
0.1436	1.26168
0.144765	1.25802
0.145929	1.25434
0.147094	1.25063
0.148259	1.2469
0.149424	1.24316
0.150588	1.23941
0.151753	1.23567
0.152918	1.23193
0.154082	1.22821
0.155247	1.22453
0.156412	1.22088
0.157576	1.2173
0.158741	1.21379
0.159906	1.21037
0.161071	1.20706
0.162235	1.20389
0.1634	1.20088
0.164565	1.19806
0.165729	1.19545
0.166894	1.19309
0.168059	1.19102
0.169224	1.18928
0.170388	1.1879
0.171553	1.18694
0.172718	1.18645
0.173882	1.18648
0.175047	1.18707
0.176212	1.1883
0.177376	1.19022
0.178541	1.1929
0.179706	1.19639
0.180871	1.20075
0.182035	1.20605
0.1832	1.21234
0.184365	1.21967
0.185529	1.22808
0.186694	1.23761
0.187859	1.24827
0.189024	1.26009
0.190188	1.27305
0.191353	1.28713
0.192518	1.30229
0.193682	1.31847
0.194847	1.33559
0.196012	1.35356
0.197176	1.37227
0.198341	1.39158
0.199506	1.41137
0.200671	1.43147
0.201835	1.45173
0.203	1.47201
0.204165	1.49215
0.205329	1.512
0.206494	1.53142
0.207659	1.55029
0.208824	1.56851
0.209988	1.58597
0.211153	1.6026
0.212318	1.61834
0.213482	1.63315
0.214647	1.64699
0.215812	1.65986
0.216976	1.67174
0.218141	1.68266
0.219306	1.69264
0.220471	1.70169
0.221635	1.70986
0.2228	1.71718
0.223965	1.72371
0.225129	1.72947
0.226294	1.73453
0.227459	1.73892
0.228624	1.74269
0.229788	1.7459
0.230953	1.74857
0.232118	1.75076
0.233282	1.7525
0.234447	1.75383
0.235612	1.75479
0.236776	1.75542
0.237941	1.75573
0.239106	1.75577
0.240271	1.72949
0.241435	1.7273
0.2426	1.72503
0.243765	1.72268
0.244929	1.72028
0.246094	1.71783
0.247259	1.71535
0.248424	1.71284
0.249588	1.71032
0.250753	1.70778
0.251918	1.70524
0.253082	1.70271
0.254247	1.70018
0.255412	1.69766
0.256576	1.69516
0.257741	1.69267
0.258906	1.6902
0.260071	1.68776
0.261235	1.68534
0.2624	1.68295
0.263565	1.68058
0.264729	1.67824
0.265894	1.67593
0.267059	1.67365
0.268224	1.67139
0.269388	1.66917
0.270553	1.66698
0.271718	1.66482
0.272882	1.66269
0.274047	1.66059
0.275212	1.65853
0.276376	1.65649
0.277541	1.65448
0.278706	1.6525
0.279871	1.65055
0.281035	1.64863
0.2822	1.64674
0.283365	1.64488
0.284529	1.64305
0.285694	1.64124
0.286859	1.63946
0.288024	1.63771
0.289188	1.63598
0.290353	1.63428
0.291518	1.6326
0.292682	1.63095
0.293847	1.62932
0.295012	1.62772
0.296176	1.62614
0.297341	1.62458
0.298506	1.62305
0.299671	1.62153
0.300835	1.62004
0.302	1.61858
0.303165	1.61713
0.304329	1.6157
0.305494	1.61429
0.306659	1.61291
0.307824	1.61154
0.308988	1.61019
0.310153	1.60886
0.311318	1.60755
0.312482	1.60625
0.313647	1.60498
0.314812	1.60372
0.315976	1.60247
0.317141	1.60125
0.318306	1.60003
0.319471	1.59884
0.320635	1.59765
0.3218	1.59648
0.322965	1.59532
0.324129	1.59417
0.325294	1.59304
0.326459	1.59192
0.327624	1.59081
0.328788	1.58971
0.329953	1.58863
0.331118	1.58756
0.332282	1.5865
0.333447	1.58545
0.334612	1.58441
0.335776	1.58339
0.336941	1.58238
0.338106	1.58137
0.339271	1.58038
0.340435	1.5794
0.3416	1.57843
0.342765	1.57746
0.343929	1.57651
0.345094	1.57557
0.346259	1.57464
0.347424	1.57372
0.348588	1.5728
0.349753	1.5719
0.350918	1.57101
0.352082	1.57012
0.353247	1.56924
0.354412	1.56837
0.355576	1.56751
0.356741	1.56666
0.357906	1.56582
0.359071	1.56498
0.360235	1.56416
0.3614	1.56334
0.362565	1.56252
0.363729	1.56172
0.364894	1.56092
0.366059	1.56013
0.367224	1.55935
0.368388	1.55857
0.369553	1.55781
0.370718	1.55704
0.371882	1.55629
0.373047	1.55554
0.374212	1.5548
0.375376	1.55406
0.376541	1.55333
0.377706	1.55261
0.378871	1.55189
0.380035	1.55118
0.3812	1.55048
0.382365	1.54978
0.383529	1.54909
0.384694	1.5484
0.385859	1.54772
0.387024	1.54704
0.388188	1.54637
0.389353	1.5457
0.390518	1.54504
0.391682	1.54438
0.392847	1.54373
0.394012	1.54309
0.395176	1.54245
0.396341	1.54181
0.397506	1.54118
0.398671	1.54055
0.399835	1.53993
0.401	1.53931
0.402165	1.5387
0.403329	1.53809
0.404494	1.53748
0.405659	1.53688
0.406824	1.53629
0.407988	1.53569
0.409153	1.53511
0.410318	1.53452
0.411482	1.53395
0.412647	1.53338
0.413812	1.53281
0.414976	1.53225
0.416141	1.53169
0.417306	1.53113
0.418471	1.53058
0.419635	1.53003
0.4208	1.52948
0.421965	1.52894
0.423129	1.5284
0.424294	1.52786
0.425459	1.52732
0.426624	1.52679
0.427788	1.52626
0.428953	1.52574
0.430118	1.52521
0.431282	1.52469
0.432447	1.52417
0.433612	1.52366
0.434776	1.52315
0.435941	1.52264
0.437106	1.52213
0.438271	1.52163
0.439435	1.52112
0.4406	1.52062
0.441765	1.52013
0.442929	1.51963
0.444094	1.51914
0.445259	1.51865
0.446424	1.51816
0.447588	1.51768
0.448753	1.51719
0.449918	1.51671
0.451082	1.51623
0.452247	1.51576
0.453412	1.51528
0.454576	1.51481
0.455741	1.51434
0.456906	1.51387
0.458071	1.51341
0.459235	1.51294
0.4604	1.51248
0.461565	1.51202
0.462729	1.51156
0.463894	1.51111
0.465059	1.51065
0.466224	1.5102
0.467388	1.50975
0.468553	1.5093
0.469718	1.50885
0.470882	1.50841
0.472047	1.50796
0.473212	1.50752
0.474376	1.50708
0.475541	1.50664
0.476706	1.50621
0.477871	1.50577
0.479035	1.50534
0.4802	1.50491
0.481365	1.50448
0.482529	1.50405
0.483694	1.50362
0.484859	1.5032
0.486024	1.50277
0.487188	1.50235
0.488353	1.50193
0.489518	1.50151
0.490682	1.50109
0.491847	1.50068
0.493012	1.50026
0.494176	1.49985
0.495341	1.49944
0.496506	1.49903
0.497671	1.49862
0.498835	1.49821
0.5	1.49781
0.516667	1.49214
0.533333	1.48673
0.55	1.48155
0.566667	1.47656
0.583333	1.47175
0.6	1.46709
0.616667	1.46257
0.633333	1.45816
0.65	1.45387
0.666667	1.44968
0.683333	1.44558
0.7	1.44157
0.716667	1.43764
0.733333	1.43378
0.75	1.42999
0.766667	1.42628
0.783333	1.42262
0.8	1.41903
0.816667	1.41551
0.833333	1.41204
0.85	1.40862
0.866667	1.40526
0.883333	1.40195
0.9	1.39869
0.916667	1.39548
0.933333	1.39231
0.95	1.38919
0.966667	1.38612
0.983333	1.38309
1	1.38011
1.01667	1.37717
1.03333	1.37428
1.05	1.37143
1.06667	1.36863
1.08333	1.36587
1.1	1.36315
1.11667	1.36048
1.13333	1.35786
1.15	1.35528
1.16667	1.35275
1.18333	1.35026
1.2	1.34782
1.21667	1.34542
1.23333	1.34307
1.25	1.34077
1.26667	1.33851
1.28333	1.3363
1.3	1.33414
1.31667	1.33202
1.33333	1.32995
1.35	1.32793
1.36667	1.32596
1.38333	1.32403
1.4	1.32215
1.41667	1.32032
1.43333	1.31854
1.45	1.31681
1.46667	1.31512
1.48333	1.31348
1.5	1.3119
1.51667	1.31035
1.53333	1.30886
1.55	1.30742
1.56667	1.30602
1.58333	1.30468
1.6	1.30338
1.61667	1.30213
1.63333	1.30093
1.65	1.29978
1.66667	1.29868
1.68333	1.29763
1.7	1.29662
1.71667	1.29567
1.73333	1.29476
1.75	1.2939
1.76667	1.29309
1.78333	1.29233
1.8	1.29162
1.81667	1.29095
1.83333	1.29034
1.85	1.28977
1.86667	1.28924
1.88333	1.28877
1.9	1.28833
1.91667	1.28795
1.93333	1.28761
1.95	1.28732
1.96667	1.28707
1.98333	1.28687
2	1.28671
2.01667	1.28659
2.03333	1.28652
2.05	1.2865
2.06667	1.28651
2.08333	1.28657
2.1	1.28667
2.11667	1.28681
2.13333	1.28699
2.15	1.28721
2.16667	1.28747
2.18333	1.28776
2.2	1.2881
2.21667	1.28848
2.23333	1.28889
2.25	1.28934
2.26667	1.28983
2.28333	1.29036
2.3	1.29092
2.31667	1.29151
2.33333	1.29214
2.35	1.2928
2.36667	1.2935
2.38333	1.29423
2.4	1.29499
2.41667	1.29578
2.43333	1.29661
2.45	1.29746
2.46667	1.29835
2.48333	1.29927
2.5	1.30021
2.51667	1.30118
2.53333	1.30218
2.55	1.30321
2.56667	1.30426
2.58333	1.30535
2.6	1.30645
2.61667	1.30758
2.63333	1.30874
2.65	1.30992
2.66667	1.31112
2.68333	1.31235
2.7	1.31359
2.71667	1.31486
2.73333	1.31616
2.75	1.31747
2.76667	1.3188
2.78333	1.32015
2.8	1.32152
2.81667	1.32291
2.83333	1.32432
2.85	1.32574
2.86667	1.32718
2.88333	1.32864
2.9	1.33011
2.91667	1.3316
2.93333	1.33311
2.95	1.33463
2.96667	1.33616
2.98333	1.33771
3	1.33926
3.08065	1.34698
3.16129	1.35495
3.24194	1.36312
3.32258	1.37145
3.40323	1.3799
3.48387	1.38843
3.56452	1.39701
3.64516	1.40561
3.72581	1.41421
3.80645	1.42278
3.8871	1.43129
3.96774	1.43974
4.04839	1.44811
4.12903	1.45637
4.20968	1.46453
4.29032	1.47257
4.37097	1.48049
4.45161	1.48828
4.53226	1.49594
4.6129	1.50347
4.69355	1.51085
4.77419	1.51809
4.85484	1.52519
4.93548	1.53215
5.01613	1.53899
5.09677	1.54575
5.17742	1.55238
5.25806	1.55885
5.33871	1.56519
5.41935	1.57137
5.5	1.57742
5.58065	1.58333
5.66129	1.58909
5.74194	1.59472
5.82258	1.60021
5.90323	1.60557
5.98387	1.6108
6.06452	1.6159
6.14516	1.62088
6.22581	1.62574
6.30645	1.63047
6.3871	1.63509
6.46774	1.63959
6.54839	1.64398
6.62903	1.64826
6.70968	1.65244
6.79032	1.65651
6.87097	1.66048
6.95161	1.66434
7.03226	1.66812
7.1129	1.67179
7.19355	1.67537
7.27419	1.67887
7.35484	1.68227
7.43548	1.68558
7.51613	1.68891
7.59677	1.69248
7.67742	1.69593
7.75806	1.69927
7.83871	1.70249
7.91935	1.70561
8	1.70861
8.08065	1.7115
8.16129	1.71429
8.24194	1.71698
8.32258	1.71956
8.40323	1.72204
8.48387	1.72442
8.56452	1.7267
8.64516	1.72889
8.72581	1.73098
8.80645	1.73299
8.8871	1.7349
8.96774	1.73673
9.04839	1.73847
9.12903	1.74013
9.20968	1.74171
9.29032	1.74321
9.37097	1.74464
9.45161	1.74599
9.53226	1.74727
9.6129	1.74848
9.69355	1.74962
9.77419	1.7507
9.85484	1.75172
9.93548	1.75267
10.0161	1.75351
10.0968	1.75407
10.1774	1.75463
10.2581	1.7552
10.3387	1.75577
10.4194	1.75635
10.5	1.75693
10.5806	1.75752
10.6613	1.75812
10.7419	1.75873
10.8226	1.75934
10.9032	1.75996
10.9839	1.76057
11.0645	1.76118
11.1452	1.76178
11.2258	1.76237
11.3065	1.76293
11.3871	1.76346
11.4677	1.76395
11.5484	1.76439
11.629	1.76476
11.7097	1.76504
11.7903	1.76524
11.871	1.76531
11.9516	1.76525
12.0323	1.76503
12.1129	1.76462
12.1935	1.76399
12.2742	1.76311
12.3548	1.76195
12.4355	1.76045
12.5161	1.75859
12.5968	1.7563
12.6774	1.75354
12.7581	1.75024
12.8387	1.74634
12.9194	1.74176
13	1.73644
